{
 "cells": [
  {
   "cell_type": "markdown",
   "metadata": {},
   "source": [
    "# Masking PAD symbols in attention weights\n",
    "\n",
    "Our example dataset is consists of 4 samples of various length, 10 being the longest one."
   ]
  },
  {
   "cell_type": "code",
   "execution_count": 1,
   "metadata": {},
   "outputs": [
    {
     "data": {
      "text/plain": [
       "tensor([[10., 11., 12., 13., 14., 15., 16., 17., 18., 19.],\n",
       "        [20., 21., 22., 23., 24., 25., 26., 27., 28., 29.],\n",
       "        [30., 31., 32., 33., 34., 35., 36., 37., 38., 39.],\n",
       "        [40., 41., 42., 43., 44., 45., 46., 47., 48., 49.]])"
      ]
     },
     "execution_count": 1,
     "metadata": {},
     "output_type": "execute_result"
    }
   ],
   "source": [
    "import torch\n",
    "\n",
    "x = torch.arange(10, 50, dtype=torch.float).view(4, 10)\n",
    "x"
   ]
  },
  {
   "cell_type": "markdown",
   "metadata": {},
   "source": [
    "`xlen` contains the length of each sample"
   ]
  },
  {
   "cell_type": "code",
   "execution_count": 2,
   "metadata": {},
   "outputs": [
    {
     "data": {
      "text/plain": [
       "tensor([ 4,  8,  1, 10])"
      ]
     },
     "execution_count": 2,
     "metadata": {},
     "output_type": "execute_result"
    }
   ],
   "source": [
    "xlen = torch.LongTensor([4, 8, 1, 10])\n",
    "xlen"
   ]
  },
  {
   "cell_type": "markdown",
   "metadata": {},
   "source": [
    "## Let's create a mask for the 'valid' symbols"
   ]
  },
  {
   "cell_type": "code",
   "execution_count": 3,
   "metadata": {},
   "outputs": [
    {
     "data": {
      "text/plain": [
       "tensor([[0, 1, 2, 3, 4, 5, 6, 7, 8, 9],\n",
       "        [0, 1, 2, 3, 4, 5, 6, 7, 8, 9],\n",
       "        [0, 1, 2, 3, 4, 5, 6, 7, 8, 9],\n",
       "        [0, 1, 2, 3, 4, 5, 6, 7, 8, 9]])"
      ]
     },
     "execution_count": 3,
     "metadata": {},
     "output_type": "execute_result"
    }
   ],
   "source": [
    "sample_no = x.size(0)\n",
    "maxlen = x.size(1)\n",
    "\n",
    "m = torch.arange(maxlen).unsqueeze(0).expand(x.size())\n",
    "m"
   ]
  },
  {
   "cell_type": "code",
   "execution_count": 4,
   "metadata": {},
   "outputs": [
    {
     "data": {
      "text/plain": [
       "tensor([[ 4,  4,  4,  4,  4,  4,  4,  4,  4,  4],\n",
       "        [ 8,  8,  8,  8,  8,  8,  8,  8,  8,  8],\n",
       "        [ 1,  1,  1,  1,  1,  1,  1,  1,  1,  1],\n",
       "        [10, 10, 10, 10, 10, 10, 10, 10, 10, 10]])"
      ]
     },
     "execution_count": 4,
     "metadata": {},
     "output_type": "execute_result"
    }
   ],
   "source": [
    "xlen_expand = xlen.unsqueeze(1).expand(x.size())\n",
    "xlen_expand"
   ]
  },
  {
   "cell_type": "code",
   "execution_count": 5,
   "metadata": {},
   "outputs": [
    {
     "data": {
      "text/plain": [
       "tensor([[1, 1, 1, 1, 0, 0, 0, 0, 0, 0],\n",
       "        [1, 1, 1, 1, 1, 1, 1, 1, 0, 0],\n",
       "        [1, 0, 0, 0, 0, 0, 0, 0, 0, 0],\n",
       "        [1, 1, 1, 1, 1, 1, 1, 1, 1, 1]], dtype=torch.uint8)"
      ]
     },
     "execution_count": 5,
     "metadata": {},
     "output_type": "execute_result"
    }
   ],
   "source": [
    "mask = m < xlen_expand\n",
    "mask"
   ]
  },
  {
   "cell_type": "code",
   "execution_count": 6,
   "metadata": {},
   "outputs": [
    {
     "data": {
      "text/plain": [
       "tensor([10., 11., 12., 13., 20., 21., 22., 23., 24., 25., 26., 27., 30., 40.,\n",
       "        41., 42., 43., 44., 45., 46., 47., 48., 49.])"
      ]
     },
     "execution_count": 6,
     "metadata": {},
     "output_type": "execute_result"
    }
   ],
   "source": [
    "x[mask]"
   ]
  },
  {
   "cell_type": "code",
   "execution_count": 7,
   "metadata": {},
   "outputs": [
    {
     "data": {
      "text/plain": [
       "tensor([[110., 111., 112., 113.,  14.,  15.,  16.,  17.,  18.,  19.],\n",
       "        [120., 121., 122., 123., 124., 125., 126., 127.,  28.,  29.],\n",
       "        [130.,  31.,  32.,  33.,  34.,  35.,  36.,  37.,  38.,  39.],\n",
       "        [140., 141., 142., 143., 144., 145., 146., 147., 148., 149.]])"
      ]
     },
     "execution_count": 7,
     "metadata": {},
     "output_type": "execute_result"
    }
   ],
   "source": [
    "x[mask] += 100\n",
    "x"
   ]
  },
  {
   "cell_type": "markdown",
   "metadata": {},
   "source": [
    "## Inverse selection"
   ]
  },
  {
   "cell_type": "code",
   "execution_count": 8,
   "metadata": {},
   "outputs": [
    {
     "data": {
      "text/plain": [
       "tensor([14., 15., 16., 17., 18., 19., 28., 29., 31., 32., 33., 34., 35., 36.,\n",
       "        37., 38., 39.])"
      ]
     },
     "execution_count": 8,
     "metadata": {},
     "output_type": "execute_result"
    }
   ],
   "source": [
    "x[~mask]"
   ]
  },
  {
   "cell_type": "markdown",
   "metadata": {},
   "source": [
    "## Now we want to compute softmax on the 'valid' elements\n",
    "\n",
    "Setting the values to zero before calling softmax results in nonzero probabilities since `exp(0)=1`: "
   ]
  },
  {
   "cell_type": "code",
   "execution_count": 9,
   "metadata": {},
   "outputs": [
    {
     "data": {
      "text/plain": [
       "tensor([[3.2058e-02, 8.7144e-02, 2.3688e-01, 6.4391e-01, 1.4554e-06, 1.4554e-06,\n",
       "         1.4554e-06, 1.4554e-06, 1.4554e-06, 1.4554e-06],\n",
       "        [5.7661e-04, 1.5674e-03, 4.2606e-03, 1.1582e-02, 3.1482e-02, 8.5577e-02,\n",
       "         2.3262e-01, 6.3233e-01, 1.1885e-12, 1.1885e-12],\n",
       "        [1.0000e+00, 9.3576e-14, 9.3576e-14, 9.3576e-14, 9.3576e-14, 9.3576e-14,\n",
       "         9.3576e-14, 9.3576e-14, 9.3576e-14, 9.3576e-14],\n",
       "        [7.8013e-05, 2.1206e-04, 5.7645e-04, 1.5669e-03, 4.2594e-03, 1.1578e-02,\n",
       "         3.1473e-02, 8.5552e-02, 2.3255e-01, 6.3215e-01]])"
      ]
     },
     "execution_count": 9,
     "metadata": {},
     "output_type": "execute_result"
    }
   ],
   "source": [
    "x = torch.arange(10, 50, dtype=torch.float).view(4, 10)\n",
    "x[~mask] = 0\n",
    "torch.softmax(x, dim=1)"
   ]
  },
  {
   "cell_type": "markdown",
   "metadata": {},
   "source": [
    "We want the values after calling softmax to be zero, so we need to set them to minus infinity:"
   ]
  },
  {
   "cell_type": "code",
   "execution_count": 10,
   "metadata": {},
   "outputs": [
    {
     "data": {
      "text/plain": [
       "tensor([[0.0321, 0.0871, 0.2369, 0.6439, 0.0000, 0.0000, 0.0000, 0.0000, 0.0000,\n",
       "         0.0000],\n",
       "        [0.0006, 0.0016, 0.0043, 0.0116, 0.0315, 0.0856, 0.2326, 0.6323, 0.0000,\n",
       "         0.0000],\n",
       "        [1.0000, 0.0000, 0.0000, 0.0000, 0.0000, 0.0000, 0.0000, 0.0000, 0.0000,\n",
       "         0.0000],\n",
       "        [0.0001, 0.0002, 0.0006, 0.0016, 0.0043, 0.0116, 0.0315, 0.0856, 0.2326,\n",
       "         0.6321]])"
      ]
     },
     "execution_count": 10,
     "metadata": {},
     "output_type": "execute_result"
    }
   ],
   "source": [
    "x = torch.arange(10, 50, dtype=torch.float).view(4, 10)\n",
    "x[~mask] = float('-inf')\n",
    "torch.softmax(x, dim=1)"
   ]
  },
  {
   "cell_type": "markdown",
   "metadata": {},
   "source": [
    "In practice, a large negative number might work:"
   ]
  },
  {
   "cell_type": "code",
   "execution_count": 11,
   "metadata": {},
   "outputs": [
    {
     "data": {
      "text/plain": [
       "tensor([[0.0321, 0.0871, 0.2369, 0.6439, 0.0000, 0.0000, 0.0000, 0.0000, 0.0000,\n",
       "         0.0000],\n",
       "        [0.0006, 0.0016, 0.0043, 0.0116, 0.0315, 0.0856, 0.2326, 0.6323, 0.0000,\n",
       "         0.0000],\n",
       "        [1.0000, 0.0000, 0.0000, 0.0000, 0.0000, 0.0000, 0.0000, 0.0000, 0.0000,\n",
       "         0.0000],\n",
       "        [0.0001, 0.0002, 0.0006, 0.0016, 0.0043, 0.0116, 0.0315, 0.0856, 0.2326,\n",
       "         0.6321]])"
      ]
     },
     "execution_count": 11,
     "metadata": {},
     "output_type": "execute_result"
    }
   ],
   "source": [
    "x = torch.arange(10, 50, dtype=torch.float).view(4, 10)\n",
    "x[~mask] = -100000\n",
    "torch.softmax(x, dim=1)"
   ]
  }
 ],
 "metadata": {
  "kernelspec": {
   "display_name": "Python 3",
   "language": "python",
   "name": "python3"
  },
  "language_info": {
   "codemirror_mode": {
    "name": "ipython",
    "version": 3
   },
   "file_extension": ".py",
   "mimetype": "text/x-python",
   "name": "python",
   "nbconvert_exporter": "python",
   "pygments_lexer": "ipython3",
   "version": "3.7.0"
  }
 },
 "nbformat": 4,
 "nbformat_minor": 2
}
